[10.4 11.2 12.  12.8 13.6 14.4 15.2 16.  16.8 17.6 18.4 19.2 20.  20.8
 21.6 22.4 23.2 24.  24.8 25.6 26.4 27.2 28.  28.8 29.6 30.4 31.2 32.
 32.8 33.6 34.4 35.2 36.  36.8 37.6 38.4 39.2 40.  40.8 41.6 42.4 43.2
 44.  44.8 45.6 46.4 47.2 48.  48.8 49.6],[0.11359869 0.1449541  0.15324056 0.1519899  0.14714988 0.14093824
 0.13450275 0.12819767 0.122298   0.11689765 0.11195563 0.10749145
 0.1034403  0.09984244 0.09666799 0.09388755 0.09147273 0.08939682
 0.08763581 0.08616608 0.08496699 0.08401978 0.08330743 0.08281451
 0.08252705 0.08243238 0.08251896 0.08277631 0.08319482 0.08376568
 0.08448068 0.08533215 0.08631276 0.08741532 0.08863255 0.08995695
 0.09138012 0.09289165 0.09447902 0.09612576 0.09780936 0.09949776
 0.10114366 0.10267447 0.10397324 0.10483876 0.104891   0.10330632
 0.0978657  0.07978106],[0.27221422 0.29966008 0.30403701 0.29887681 0.29012725 0.28000608
 0.26966104 0.25944643 0.24963722 0.24032733 0.23147578 0.22310206
 0.21514138 0.20763398 0.20054999 0.19386001 0.18753565 0.18155021
 0.17587966 0.17050039 0.16539176 0.16053501 0.15591312 0.15151067
 0.14731367 0.14330946 0.13948651 0.13583432 0.1323433  0.12900461
 0.12581007 0.12275201 0.11982308 0.1170161  0.1143238  0.11173866
 0.1092523  0.10685429 0.10453211 0.10226932 0.10004338 0.09782224
 0.0955586  0.09317988 0.09056912 0.08752509 0.0836678  0.07817358
 0.06882342 0.04682924],[ 965.01816504 1306.75275268 1519.05922817 1677.66977673 1807.16964457
 1918.50636557 2017.72420192 2109.04476383 2195.00908625 2277.66555943
 2358.80701356 2439.61568608 2521.21214231 2603.87197541 2687.98932247
 2773.88516931 2861.81155204 2951.96043045 3044.46342416 3139.43870005
 3236.94766663 3337.01251853 3439.6177724  3544.71094849 3652.20260212
 3761.96593119 3873.83603771 3987.60885888 4103.0397318  4219.84150231
 4337.6820231  4456.18079777 4574.90440146 4693.36011184 4810.98680447
 4927.1378271  5041.06416379 5151.91702797 5258.67471111 5360.09740768
 5454.6426071  5540.33115004 5614.52629438 5673.54640147 5711.93004624
 5720.89635677 5684.69006282 5570.34149832 5291.1993861  4513.53902369],[259.60417634 391.46432534 462.43964996 501.30037763 522.70578143
 533.75085785 538.69435243 539.76557074 538.46876962 535.80697166
 532.39267569 528.69318114 524.78637825 521.03761548 517.53029395
 514.31750745 511.42812597 508.87820417 506.71911382 504.88177542
 503.35153812 502.10913851 501.13195956 500.39488793 499.87088755
 499.53139005 499.34654668 499.285361   499.31570393 499.40419644
 499.515927   499.61394887 499.65847066 499.6056064  499.4054599
 499.02236972 498.41737672 497.45265371 496.01101451 493.93446645
 491.00443153 486.91071559 481.2011382  473.19524371 461.82544553
 445.31662838 420.46175538 380.7250389  310.19439906 159.59666328],[0.390353   0.28100581 0.22248461 0.18902687 0.16780127 0.1535964
 0.14328174 0.13572026 0.12985756 0.12514987 0.12152046 0.11868206
 0.11668647 0.11517604 0.11407996 0.11334325 0.11292373 0.11278787
 0.11290431 0.11325382 0.11381518 0.11456908 0.11549746 0.11658308
 0.11780919 0.11915948 0.12061788 0.12216868 0.12379653 0.12548666
 0.1272252  0.12899966 0.13079973 0.13261844 0.13445403 0.13631094
 0.13820512 0.1401743  0.14227989 0.14462408 0.14737145 0.1507839
 0.15527911 0.16153398 0.17068117 0.18472019 0.20748934 0.24738252
 0.32706324 0.53580784],[-0.78160079 -0.76728857 -0.75219826 -0.73678763 -0.72125443 -0.7056611
 -0.69003648 -0.67438369 -0.65870815 -0.64301108 -0.62729006 -0.61154694
 -0.59578068 -0.57999563 -0.56419307 -0.54837438 -0.53254092 -0.51669403
 -0.50083498 -0.48496492 -0.46908499 -0.45319622 -0.43729958 -0.421396
 -0.40548629 -0.38957126 -0.37365162 -0.35772805 -0.34180119 -0.32587163
 -0.3099399  -0.29400652 -0.27807195 -0.26213662 -0.24620087 -0.23026502
 -0.21432925 -0.19839366 -0.18245817 -0.16652257 -0.15058642 -0.13464916
 -0.11871029 -0.10276986 -0.08682997 -0.07089853 -0.05500018 -0.03921028
 -0.02377142 -0.00948045]
[10.4 11.2 12.  12.8 13.6 14.4 15.2 16.  16.8 17.6 18.4 19.2 20.  20.8
 21.6 22.4 23.2 24.  24.8 25.6 26.4 27.2 28.  28.8 29.6 30.4 31.2 32.
 32.8 33.6 34.4 35.2 36.  36.8 37.6 38.4 39.2 40.  40.8 41.6 42.4 43.2
 44.  44.8 45.6 46.4 47.2 48.  48.8 49.6],[0.11359869 0.1449541  0.15324056 0.1519899  0.14714988 0.14093824
 0.13450275 0.12819767 0.122298   0.11689765 0.11195563 0.10749145
 0.1034403  0.09984244 0.09666799 0.09388755 0.09147273 0.08939682
 0.08763581 0.08616608 0.08496699 0.08401978 0.08330743 0.08281451
 0.08252705 0.08243238 0.08251896 0.08277631 0.08319482 0.08376568
 0.08448068 0.08533215 0.08631276 0.08741532 0.08863255 0.08995695
 0.09138012 0.09289165 0.09447902 0.09612576 0.09780936 0.09949776
 0.10114366 0.10267447 0.10397324 0.10483876 0.104891   0.10330632
 0.0978657  0.07978106],[0.27221422 0.29966008 0.30403701 0.29887681 0.29012725 0.28000608
 0.26966104 0.25944643 0.24963722 0.24032733 0.23147578 0.22310206
 0.21514138 0.20763398 0.20054999 0.19386001 0.18753565 0.18155021
 0.17587966 0.17050039 0.16539176 0.16053501 0.15591312 0.15151067
 0.14731367 0.14330946 0.13948651 0.13583432 0.1323433  0.12900461
 0.12581007 0.12275201 0.11982308 0.1170161  0.1143238  0.11173866
 0.1092523  0.10685429 0.10453211 0.10226932 0.10004338 0.09782224
 0.0955586  0.09317988 0.09056912 0.08752509 0.0836678  0.07817358
 0.06882342 0.04682924],[ 965.01816504 1306.75275268 1519.05922817 1677.66977673 1807.16964457
 1918.50636557 2017.72420192 2109.04476383 2195.00908625 2277.66555943
 2358.80701356 2439.61568608 2521.21214231 2603.87197541 2687.98932247
 2773.88516931 2861.81155204 2951.96043045 3044.46342416 3139.43870005
 3236.94766663 3337.01251853 3439.6177724  3544.71094849 3652.20260212
 3761.96593119 3873.83603771 3987.60885888 4103.0397318  4219.84150231
 4337.6820231  4456.18079777 4574.90440146 4693.36011184 4810.98680447
 4927.1378271  5041.06416379 5151.91702797 5258.67471111 5360.09740768
 5454.6426071  5540.33115004 5614.52629438 5673.54640147 5711.93004624
 5720.89635677 5684.69006282 5570.34149832 5291.1993861  4513.53902369],[259.60417634 391.46432534 462.43964996 501.30037763 522.70578143
 533.75085785 538.69435243 539.76557074 538.46876962 535.80697166
 532.39267569 528.69318114 524.78637825 521.03761548 517.53029395
 514.31750745 511.42812597 508.87820417 506.71911382 504.88177542
 503.35153812 502.10913851 501.13195956 500.39488793 499.87088755
 499.53139005 499.34654668 499.285361   499.31570393 499.40419644
 499.515927   499.61394887 499.65847066 499.6056064  499.4054599
 499.02236972 498.41737672 497.45265371 496.01101451 493.93446645
 491.00443153 486.91071559 481.2011382  473.19524371 461.82544553
 445.31662838 420.46175538 380.7250389  310.19439906 159.59666328],[0.390353   0.28100581 0.22248461 0.18902687 0.16780127 0.1535964
 0.14328174 0.13572026 0.12985756 0.12514987 0.12152046 0.11868206
 0.11668647 0.11517604 0.11407996 0.11334325 0.11292373 0.11278787
 0.11290431 0.11325382 0.11381518 0.11456908 0.11549746 0.11658308
 0.11780919 0.11915948 0.12061788 0.12216868 0.12379653 0.12548666
 0.1272252  0.12899966 0.13079973 0.13261844 0.13445403 0.13631094
 0.13820512 0.1401743  0.14227989 0.14462408 0.14737145 0.1507839
 0.15527911 0.16153398 0.17068117 0.18472019 0.20748934 0.24738252
 0.32706324 0.53580784],[-0.78160079 -0.76728857 -0.75219826 -0.73678763 -0.72125443 -0.7056611
 -0.69003648 -0.67438369 -0.65870815 -0.64301108 -0.62729006 -0.61154694
 -0.59578068 -0.57999563 -0.56419307 -0.54837438 -0.53254092 -0.51669403
 -0.50083498 -0.48496492 -0.46908499 -0.45319622 -0.43729958 -0.421396
 -0.40548629 -0.38957126 -0.37365162 -0.35772805 -0.34180119 -0.32587163
 -0.3099399  -0.29400652 -0.27807195 -0.26213662 -0.24620087 -0.23026502
 -0.21432925 -0.19839366 -0.18245817 -0.16652257 -0.15058642 -0.13464916
 -0.11871029 -0.10276986 -0.08682997 -0.07089853 -0.05500018 -0.03921028
 -0.02377142 -0.00948045]
[10.4 11.2 12.  12.8 13.6 14.4 15.2 16.  16.8 17.6 18.4 19.2 20.  20.8
 21.6 22.4 23.2 24.  24.8 25.6 26.4 27.2 28.  28.8 29.6 30.4 31.2 32.
 32.8 33.6 34.4 35.2 36.  36.8 37.6 38.4 39.2 40.  40.8 41.6 42.4 43.2
 44.  44.8 45.6 46.4 47.2 48.  48.8 49.6],[0.11359869 0.1449541  0.15324056 0.1519899  0.14714988 0.14093824
 0.13450275 0.12819767 0.122298   0.11689765 0.11195563 0.10749145
 0.1034403  0.09984244 0.09666799 0.09388755 0.09147273 0.08939682
 0.08763581 0.08616608 0.08496699 0.08401978 0.08330743 0.08281451
 0.08252705 0.08243238 0.08251896 0.08277631 0.08319482 0.08376568
 0.08448068 0.08533215 0.08631276 0.08741532 0.08863255 0.08995695
 0.09138012 0.09289165 0.09447902 0.09612576 0.09780936 0.09949776
 0.10114366 0.10267447 0.10397324 0.10483876 0.104891   0.10330632
 0.0978657  0.07978106],[0.27221422 0.29966008 0.30403701 0.29887681 0.29012725 0.28000608
 0.26966104 0.25944643 0.24963722 0.24032733 0.23147578 0.22310206
 0.21514138 0.20763398 0.20054999 0.19386001 0.18753565 0.18155021
 0.17587966 0.17050039 0.16539176 0.16053501 0.15591312 0.15151067
 0.14731367 0.14330946 0.13948651 0.13583432 0.1323433  0.12900461
 0.12581007 0.12275201 0.11982308 0.1170161  0.1143238  0.11173866
 0.1092523  0.10685429 0.10453211 0.10226932 0.10004338 0.09782224
 0.0955586  0.09317988 0.09056912 0.08752509 0.0836678  0.07817358
 0.06882342 0.04682924],[ 965.01816504 1306.75275268 1519.05922817 1677.66977673 1807.16964457
 1918.50636557 2017.72420192 2109.04476383 2195.00908625 2277.66555943
 2358.80701356 2439.61568608 2521.21214231 2603.87197541 2687.98932247
 2773.88516931 2861.81155204 2951.96043045 3044.46342416 3139.43870005
 3236.94766663 3337.01251853 3439.6177724  3544.71094849 3652.20260212
 3761.96593119 3873.83603771 3987.60885888 4103.0397318  4219.84150231
 4337.6820231  4456.18079777 4574.90440146 4693.36011184 4810.98680447
 4927.1378271  5041.06416379 5151.91702797 5258.67471111 5360.09740768
 5454.6426071  5540.33115004 5614.52629438 5673.54640147 5711.93004624
 5720.89635677 5684.69006282 5570.34149832 5291.1993861  4513.53902369],[259.60417634 391.46432534 462.43964996 501.30037763 522.70578143
 533.75085785 538.69435243 539.76557074 538.46876962 535.80697166
 532.39267569 528.69318114 524.78637825 521.03761548 517.53029395
 514.31750745 511.42812597 508.87820417 506.71911382 504.88177542
 503.35153812 502.10913851 501.13195956 500.39488793 499.87088755
 499.53139005 499.34654668 499.285361   499.31570393 499.40419644
 499.515927   499.61394887 499.65847066 499.6056064  499.4054599
 499.02236972 498.41737672 497.45265371 496.01101451 493.93446645
 491.00443153 486.91071559 481.2011382  473.19524371 461.82544553
 445.31662838 420.46175538 380.7250389  310.19439906 159.59666328],[0.390353   0.28100581 0.22248461 0.18902687 0.16780127 0.1535964
 0.14328174 0.13572026 0.12985756 0.12514987 0.12152046 0.11868206
 0.11668647 0.11517604 0.11407996 0.11334325 0.11292373 0.11278787
 0.11290431 0.11325382 0.11381518 0.11456908 0.11549746 0.11658308
 0.11780919 0.11915948 0.12061788 0.12216868 0.12379653 0.12548666
 0.1272252  0.12899966 0.13079973 0.13261844 0.13445403 0.13631094
 0.13820512 0.1401743  0.14227989 0.14462408 0.14737145 0.1507839
 0.15527911 0.16153398 0.17068117 0.18472019 0.20748934 0.24738252
 0.32706324 0.53580784],[-0.78160079 -0.76728857 -0.75219826 -0.73678763 -0.72125443 -0.7056611
 -0.69003648 -0.67438369 -0.65870815 -0.64301108 -0.62729006 -0.61154694
 -0.59578068 -0.57999563 -0.56419307 -0.54837438 -0.53254092 -0.51669403
 -0.50083498 -0.48496492 -0.46908499 -0.45319622 -0.43729958 -0.421396
 -0.40548629 -0.38957126 -0.37365162 -0.35772805 -0.34180119 -0.32587163
 -0.3099399  -0.29400652 -0.27807195 -0.26213662 -0.24620087 -0.23026502
 -0.21432925 -0.19839366 -0.18245817 -0.16652257 -0.15058642 -0.13464916
 -0.11871029 -0.10276986 -0.08682997 -0.07089853 -0.05500018 -0.03921028
 -0.02377142 -0.00948045]
